BoundsError([1], (2,)) 4*x4^4
BoundsError([1], (2,)) 4*x2*x3*x4^2
BoundsError([1], (2,)) x3^4
BoundsError([1], (2,)) 4*x2*x3*x4^2
BoundsError([1], (2,)) 3*x1^3*x2
BoundsError([1], (2,)) 4*x1*x2^2*x3
BoundsError([1], (2,)) 2*x1*x2^2*x3
BoundsError([1], (2,)) 4*x2^3*x3
BoundsError([1], (2,)) 4*x1*x2*x3^2
BoundsError([1], (2,)) 2*x2^3*x3
BoundsError([1], (2,)) x1^2*x2^2
BoundsError([1], (2,)) 2*x1^4
BoundsError([1], (2,)) x1*x3^3
BoundsError([1], (2,)) 3*x1^3*x3
BoundsError([1, 8, 9, 23, 24, 25, 26, 46, 47, 48, 49, 50, 51, 78, 79, 80, 81, 82, 83, 84, 112, 113, 114, 115, 116, 117, 141, 142, 143, 144, 145, 146, 167, 168, 169, 170, 188, 189, 190, 191, 205, 206, 207, 218, 219, 227, 231, 956, 963, 964, 978, 979, 980, 981, 1001, 1002, 1003, 1004, 1005, 1006, 1027, 1028, 1029, 1030, 1048, 1049, 1050, 1051, 1065, 1066, 1067, 1078, 1079, 1087, 1091, 1486, 1493, 1494, 1508, 1509, 1510, 1511, 1525, 1526, 1527, 1538, 1539, 1547, 1551, 1716, 1723, 1724, 1732, 1736, 1771, 234, 244, 245, 246, 262, 263, 264, 265, 266, 289, 290, 291, 292, 293, 294, 322, 323, 324, 325, 326, 327, 351, 352, 353, 354, 355, 356, 377, 378, 379, 380, 398, 399, 400, 401, 415, 416, 417, 428, 429, 437, 441, 1094, 1104, 1105, 1106, 1122, 1123, 1124, 1125, 1126, 1147, 1148, 1149, 1150, 1168, 1169, 1170, 1171, 1185, 1186, 1187, 1198, 1199, 1207, 1211, 1554, 1564, 1565, 1566, 1580, 1581, 1582, 1593, 1594, 1602, 1606, 1739, 1747, 1751, 447, 448, 460, 461, 462, 463, 482, 483, 484, 485, 486, 512, 513, 514, 515, 516, 517, 541, 542, 543, 544, 545, 546, 567, 568, 569, 570, 588, 589, 590, 591, 605, 606, 607, 618, 619, 627, 631, 1217, 1218, 1230, 1231, 1232, 1233, 1252, 1253, 1254, 1255, 1273, 1274, 1275, 1276, 1290, 1291, 1292, 1303, 1304, 1312, 1316, 1612, 1613, 1625, 1626, 1627, 1638, 1639, 1647, 1651, 1757, 1761, 633, 641, 642, 643, 658, 659, 660, 661, 683, 684, 685, 686, 687, 688, 712, 713, 714, 715, 716, 717, 738, 739, 740, 741, 759, 760, 761, 762, 776, 777, 778, 789, 790, 798, 802, 1318, 1326, 1327, 1328, 1343, 1344, 1345, 1346, 1364, 1365, 1366, 1367, 1381, 1382, 1383, 1394, 1395, 1403, 1407, 1653, 1661, 1662, 1663, 1674, 1675, 1683, 1687, 1763, 1767, 806, 807, 818, 819, 820, 838, 839, 840, 841, 842, 865, 866, 867, 868, 869, 870, 891, 892, 893, 894, 912, 913, 914, 915, 929, 930, 931, 942, 943, 951, 955, 1411, 1412, 1423, 1424, 1425, 1442, 1443, 1444, 1445, 1459, 1460, 1461, 1472, 1473, 1481, 1485, 1691, 1692, 1702, 1703, 1711, 1715, 1770, 2, 10, 11, 12, 27, 28, 29, 30, 52, 53, 54, 55, 56, 57, 85, 86, 87, 88, 89, 90, 91, 118, 119, 120, 121, 122, 123, 147, 148, 149, 150, 151, 171, 172, 173, 174, 175, 192, 193, 194, 208, 209, 210, 220, 221, 228, 957, 965, 966, 967, 982, 983, 984, 985, 1007, 1008, 1009, 1010, 1011, 1031, 1032, 1033, 1034, 1035, 1052, 1053, 1054, 1068, 1069, 1070, 1080, 1081, 1088, 1487, 1495, 1496, 1497, 1512, 1513, 1514, 1528, 1529, 1530, 1540, 1541, 1548, 1717, 1725, 1726, 1733, 235, 236, 247, 248, 249, 267, 268, 269, 270, 271, 295, 296, 297, 298, 299, 300, 301, 328, 329, 330, 331, 332, 333, 357, 358, 359, 360, 361, 381, 382, 383, 384, 385, 402, 403, 404, 418, 419, 420, 430, 431, 438, 1095, 1096, 1107, 1108, 1109, 1127, 1128, 1129, 1130, 1131, 1151, 1152, 1153, 1154, 1155, 1172, 1173, 1174, 1188, 1189, 1190, 1200, 1201, 1208, 1555, 1556, 1567, 1568, 1569, 1583, 1584, 1585, 1595, 1596, 1603, 1740, 1741, 1748, 442, 449, 450, 464, 465, 466, 467, 487, 488, 489, 490, 491, 492, 518, 519, 520, 521, 522, 523, 547, 548, 549, 550, 551, 571, 572, 573, 574, 575, 592, 593, 594, 608, 609, 610, 620, 621, 628, 1212, 1219, 1220, 1234, 1235, 1236, 1237, 1256, 1257, 1258, 1259, 1260, 1277, 1278, 1279, 1293, 1294, 1295, 1305, 1306, 1313, 1607, 1614, 1615, 1628, 1629, 1630, 1640, 1641, 1648, 1752, 1758, 634, 644, 645, 646, 662, 663, 664, 665, 666, 689, 690, 691, 692, 693, 694, 718, 719, 720, 721, 722, 742, 743, 744, 745, 746, 763, 764, 765, 779, 780, 781, 791, 792, 799, 1319, 1329, 1330, 1331, 1347, 1348, 1349, 1350, 1351, 1368, 1369, 1370, 1384, 1385, 1386, 1396, 1397, 1404, 1654, 1664, 1665, 1666, 1676, 1677, 1684, 1764, 808, 809, 821, 822, 823, 824, 843, 844, 845, 846, 847, 871, 872, 873, 874, 875, 895, 896, 897, 898, 899, 916, 917, 918, 932, 933, 934, 944, 945, 952, 1413, 1414, 1426, 1427, 1428, 1429, 1446, 1447, 1448, 1462, 1463, 1464, 1474, 1475, 1482, 1693, 1694, 1704, 1705, 1712, 3, 13, 14, 15, 31, 32, 33, 34, 35, 58, 59, 60, 61, 62, 63, 92, 93, 94, 95, 96, 97, 98, 124, 125, 126, 127, 128, 129, 152, 153, 154, 155, 156, 176, 177, 178, 179, 195, 196, 197, 198, 211, 212, 222, 223, 229, 958, 968, 969, 970, 986, 987, 988, 989, 990, 1012, 1013, 1014, 1015, 1016, 1036, 1037, 1038, 1039, 1055, 1056, 1057, 1058, 1071, 1072, 1082, 1083, 1089, 1488, 1498, 1499, 1500, 1515, 1516, 1517, 1518, 1531, 1532, 1542, 1543, 1549, 1718, 1727, 1728, 1734, 237, 238, 250, 251, 252, 253, 272, 273, 274, 275, 276, 302, 303, 304, 305, 306, 307, 308, 334, 335, 336, 337, 338, 339, 362, 363, 364, 365, 366, 386, 387, 388, 389, 405, 406, 407, 408, 421, 422, 432, 433, 439, 1097, 1098, 1110, 1111, 1112, 1113, 1132, 1133, 1134, 1135, 1136, 1156, 1157, 1158, 1159, 1175, 1176, 1177, 1178, 1191, 1192, 1202, 1203, 1209, 1557, 1558, 1570, 1571, 1572, 1573, 1586, 1587, 1597, 1598, 1604, 1742, 1743, 1749, 443, 451, 452, 453, 468, 469, 470, 471, 493, 494, 495, 496, 497, 498, 524, 525, 526, 527, 528, 529, 552, 553, 554, 555, 556, 576, 577, 578, 579, 595, 596, 597, 598, 611, 612, 622, 623, 629, 1213, 1221, 1222, 1223, 1238, 1239, 1240, 1241, 1261, 1262, 1263, 1264, 1280, 1281, 1282, 1283, 1296, 1297, 1307, 1308, 1314, 1608, 1616, 1617, 1618, 1631, 1632, 1642, 1643, 1649, 1753, 1759, 635, 636, 647, 648, 649, 667, 668, 669, 670, 671, 695, 696, 697, 698, 699, 700, 723, 724, 725, 726, 727, 747, 748, 749, 750, 766, 767, 768, 769, 782, 783, 793, 794, 800, 1320, 1321, 1332, 1333, 1334, 1352, 1353, 1354, 1355, 1371, 1372, 1373, 1374, 1387, 1388, 1398, 1399, 1405, 1655, 1656, 1667, 1668, 1678, 1679, 1685, 1765, 803, 810, 811, 825, 826, 827, 828, 848, 849, 850, 851, 852, 853, 876, 877, 878, 879, 880, 900, 901, 902, 903, 919, 920, 921, 922, 935, 936, 946, 947, 953, 1408, 1415, 1416, 1430, 1431, 1432, 1433, 1449, 1450, 1451, 1452, 1465, 1466, 1476, 1477, 1483, 1688, 1695, 1696, 1706, 1707, 1713, 1768, 4, 5, 16, 17, 18, 36, 37, 38, 39, 40, 64, 65, 66, 67, 68, 69, 70, 99, 100, 101, 102, 103, 104, 130, 131, 132, 133, 134, 135, 157, 158, 159, 160, 161, 180, 181, 182, 183, 199, 200, 201, 213, 214, 215, 224, 230, 959, 960, 971, 972, 973, 991, 992, 993, 994, 995, 1017, 1018, 1019, 1020, 1021, 1040, 1041, 1042, 1043, 1059, 1060, 1061, 1073, 1074, 1075, 1084, 1090, 1489, 1490, 1501, 1502, 1503, 1519, 1520, 1521, 1533, 1534, 1535, 1544, 1550, 1719, 1720, 1729, 1735, 232, 239, 240, 254, 255, 256, 257, 277, 278, 279, 280, 281, 282, 309, 310, 311, 312, 313, 314, 340, 341, 342, 343, 344, 345, 367, 368, 369, 370, 371, 390, 391, 392, 393, 409, 410, 411, 423, 424, 425, 434, 440, 1092, 1099, 1100, 1114, 1115, 1116, 1117, 1137, 1138, 1139, 1140, 1141, 1160, 1161, 1162, 1163, 1179, 1180, 1181, 1193, 1194, 1195, 1204, 1210, 1552, 1559, 1560, 1574, 1575, 1576, 1588, 1589, 1590, 1599, 1605, 1737, 1744, 1750, 444, 454, 455, 456, 472, 473, 474, 475, 476, 499, 500, 501, 502, 503, 504, 530, 531, 532, 533, 534, 535, 557, 558, 559, 560, 561, 580, 581, 582, 583, 599, 600, 601, 613, 614, 615, 624, 630, 1214, 1224, 1225, 1226, 1242, 1243, 1244, 1245, 1246, 1265, 1266, 1267, 1268, 1284, 1285, 1286, 1298, 1299, 1300, 1309, 1315, 1609, 1619, 1620, 1621, 1633, 1634, 1635, 1644, 1650, 1754, 1760, 637, 638, 650, 651, 652, 653, 672, 673, 674, 675, 676, 701, 702, 703, 704, 705, 706, 728, 729, 730, 731, 732, 751, 752, 753, 754, 770, 771, 772, 784, 785, 786, 795, 801, 1322, 1323, 1335, 1336, 1337, 1338, 1356, 1357, 1358, 1359, 1375, 1376, 1377, 1389, 1390, 1391, 1400, 1406, 1657, 1658, 1669, 1670, 1671, 1680, 1686, 1766, 804, 812, 813, 814, 829, 830, 831, 832, 854, 855, 856, 857, 858, 859, 881, 882, 883, 884, 885, 904, 905, 906, 907, 923, 924, 925, 937, 938, 939, 948, 954, 1409, 1417, 1418, 1419, 1434, 1435, 1436, 1437, 1453, 1454, 1455, 1467, 1468, 1469, 1478, 1484, 1689, 1697, 1698, 1699, 1708, 1714, 1769, 6, 7, 19, 20, 21, 22, 41, 42, 43, 44, 45, 71, 72, 73, 74, 75, 76, 77, 105, 106, 107, 108, 109, 110, 111, 136, 137, 138, 139, 140, 162, 163, 164, 165, 166, 184, 185, 186, 187, 202, 203, 204, 216, 217, 225, 226, 961, 962, 974, 975, 976, 977, 996, 997, 998, 999, 1000, 1022, 1023, 1024, 1025, 1026, 1044, 1045, 1046, 1047, 1062, 1063, 1064, 1076, 1077, 1085, 1086, 1491, 1492, 1504, 1505, 1506, 1507, 1522, 1523, 1524, 1536, 1537, 1545, 1546, 1721, 1722, 1730, 1731, 233, 241, 242, 243, 258, 259, 260, 261, 283, 284, 285, 286, 287, 288, 315, 316, 317, 318, 319, 320, 321, 346, 347, 348, 349, 350, 372, 373, 374, 375, 376, 394, 395, 396, 397, 412, 413, 414, 426, 427, 435, 436, 1093, 1101, 1102, 1103, 1118, 1119, 1120, 1121, 1142, 1143, 1144, 1145, 1146, 1164, 1165, 1166, 1167, 1182, 1183, 1184, 1196, 1197, 1205, 1206, 1553, 1561, 1562, 1563, 1577, 1578, 1579, 1591, 1592, 1600, 1601, 1738, 1745, 1746, 445, 446, 457, 458, 459, 477, 478, 479, 480, 481, 505, 506, 507, 508, 509, 510, 511, 536, 537, 538, 539, 540, 562, 563, 564, 565, 566, 584, 585, 586, 587, 602, 603, 604, 616, 617, 625, 626, 1215, 1216, 1227, 1228, 1229, 1247, 1248, 1249, 1250, 1251, 1269, 1270, 1271, 1272, 1287, 1288, 1289, 1301, 1302, 1310, 1311, 1610, 1611, 1622, 1623, 1624, 1636, 1637, 1645, 1646, 1755, 1756, 632, 639, 640, 654, 655, 656, 657, 677, 678, 679, 680, 681, 682, 707, 708, 709, 710, 711, 733, 734, 735, 736, 737, 755, 756, 757, 758, 773, 774, 775, 787, 788, 796, 797, 1317, 1324, 1325, 1339, 1340, 1341, 1342, 1360, 1361, 1362, 1363, 1378, 1379, 1380, 1392, 1393, 1401, 1402, 1652, 1659, 1660, 1672, 1673, 1681, 1682, 1762, 805, 815, 816, 817, 833, 834, 835, 836, 837, 860, 861, 862, 863, 864, 886, 887, 888, 889, 890, 908, 909, 910, 911, 926, 927, 928, 940, 941, 949, 950, 1410, 1420, 1421, 1422, 1438, 1439, 1440, 1441, 1456, 1457, 1458, 1470, 1471, 1479, 1480, 1690, 1700, 1701, 1709, 1710], (1772,)) 4*x1^2*x4^2 + 3*x1*x2^3 + 3*x2^3*x3 + 4*x2*x4^3
BoundsError([1], (2,)) 3*x1*x3^3
BoundsError([1], (2,)) x1^2*x3*x4
BoundsError([1], (2,)) 3*x1*x2^2*x4
BoundsError([1], (2,)) 2*x1^2*x4^2
BoundsError([1], (2,)) x2^4
BoundsError([1], (2,)) 2*x1^2*x2*x3
BoundsError([1], (2,)) 2*x1^2*x2^2
BoundsError([1], (2,)) x3*x4^3
MethodError(Base.mapreduce_empty, (eltype, promote_type, LinearAlgebra.Transpose{Int64, Vector{Int64}}), 0x0000000000007d27) 0
BoundsError([1], (2,)) 4*x1*x4^3
BoundsError([1], (2,)) x3^2*x4^2
BoundsError([1], (2,)) x2^3*x4
BoundsError([1], (2,)) 3*x2*x3*x4^2
BoundsError([1], (2,)) 2*x1*x2^3
BoundsError([1], (2,)) 2*x1^3*x4
BoundsError([1], (2,)) 4*x2^2*x3*x4
BoundsError([1], (2,)) 2*x2^2*x4^2
BoundsError([1], (2,)) x1^2*x2^2
BoundsError([1], (2,)) x2^4
BoundsError([1], (2,)) 3*x3^4
BoundsError([1], (2,)) 2*x2*x4^3
BoundsError([1], (2,)) 3*x2*x3^2*x4
BoundsError([1], (2,)) 2*x3^2*x4^2
BoundsError([1], (2,)) 4*x1^2*x3^2
BoundsError([1], (2,)) 3*x3^4
BoundsError([1], (2,)) x1*x2^2*x3
BoundsError([1], (2,)) 2*x2^4
BoundsError([1], (2,)) 3*x1*x2^2*x3
BoundsError([1], (2,)) 2*x2*x4^3
BoundsError([1], (2,)) x2^3*x3
BoundsError([1], (2,)) 2*x2^2*x3^2
